820
826
831
838
849
850
855
874
876
888
889
954
955
956
959
960
964
979
995
997
999
1000
1005
1006
1007
1015
1020
1034
1038
1039
1094
1107
1108
1109
1123
1134
1139
1141
1146
1147
1150
1151
1168
1184
1185
1194
1201
1205
1213
1235
1241
1295
1298
1342
1354
1355
1357
2126
2127
2128
2129
2130
2131
2132
2133
2134
2135
2136
2137
2138
2139
2140
2141
2142
2143
2144
2145
2146
2147
2148
2149
2150
2151
2152
2153
2154
2155
2156
2157
2158
2159
2160
2161
2162
2163
2164
2165
2166
2167
2168
2169
2170
2171
2172
2173
2174
2175
