805
810
811
813
814
842
877
895
905
906
912
913
915
922
923
924
925
929
930
932
945
946
966
967
968
969
977
983
989
991
992
1023
1041
1058
1079
1232
1247
1248
1253
1257
1259
1261
1262
1266
1267
1269
1280
1281
1308
1309
1310
1319
1322
1328
1329
1332
1336
2126
2127
2128
2129
2130
2131
2132
2133
2134
2135
2136
2137
2138
2139
2140
2141
2142
2143
2144
2145
2146
2147
2148
2149
2150
2151
2152
2153
2154
2155
2156
2157
2158
2159
2160
2161
2162
2163
2164
2165
2166
2167
2168
2169
2170
2171
2172
2173
2174
2175
2176
