817
819
823
824
825
827
833
834
957
961
996
998
1001
1002
1003
1010
1014
1016
1017
1086
1087
1089
1090
1122
1145
1153
1159
1161
1163
1164
1165
1169
1170
1171
1172
1175
1176
1177
1178
1190
1193
1195
1198
1199
1203
1206
1207
1210
1214
1227
1293
1294
1297
1306
1356
1366
1371
2126
2127
2128
2129
2130
2131
2132
2133
2134
2135
2136
2137
2138
2139
2140
2141
2142
2143
2144
2145
2146
2147
2148
2149
2150
2151
2152
2153
2154
2155
2156
2157
2158
2159
2160
2161
2162
2163
2164
2165
2166
2167
2168
2169
2170
2171
2172
2173
2174
2175
