806
807
808
809
812
841
892
893
894
896
907
908
909
910
911
914
916
917
918
919
920
926
927
928
931
944
976
984
985
986
987
988
990
1021
1022
1229
1230
1231
1244
1245
1246
1251
1254
1255
1256
1263
1264
1265
1268
1279
1318
1323
1324
1325
1326
1327
1330
2126
2127
2128
2129
2130
2131
2132
2133
2134
2135
2136
2137
2138
2139
2140
2141
2142
2143
2144
2145
2146
2147
2148
2149
2150
2151
2152
2153
2154
2155
2156
2157
2158
2159
2160
2161
2162
2163
2164
2165
2166
2167
2168
2169
2170
2171
2172
2173
2174
2175
2176
