828
843
845
846
851
864
865
867
868
869
879
880
884
885
886
902
949
950
953
973
982
993
1025
1026
1027
1028
1029
1030
1033
1042
1044
1045
1050
1064
1065
1069
1075
1076
1077
1095
1099
1106
1110
1114
1120
1131
1136
1158
1192
1228
1237
1239
1284
1314
1337
1338
1339
2126
2127
2128
2129
2130
2131
2132
2133
2134
2135
2136
2137
2138
2139
2140
2141
2142
2143
2144
2145
2146
2147
2148
2149
2150
2151
2152
2153
2154
2155
2156
2157
2158
2159
2160
2161
2162
2163
2164
2165
2166
2167
2168
2169
2170
2171
2172
2173
2174
2175
