844
890
891
899
900
904
940
941
942
952
972
974
978
1024
1032
1036
1040
1047
1049
1051
1053
1054
1059
1063
1068
1071
1072
1073
1074
1078
1083
1084
1091
1092
1098
1101
1113
1124
1144
1154
1156
1157
1234
1242
1252
1258
1273
1277
1283
1286
1287
1291
1320
1334
1347
1349
1365
2126
2127
2128
2129
2130
2131
2132
2133
2134
2135
2136
2137
2138
2139
2140
2141
2142
2143
2144
2145
2146
2147
2148
2149
2150
2151
2152
2153
2154
2155
2156
2157
2158
2159
2160
2161
2162
2163
2164
2165
2166
2167
2168
2169
2170
2171
2172
2173
2174
2175
2176
