816
830
853
854
856
858
863
875
883
903
980
981
994
1004
1013
1031
1093
1104
1105
1111
1112
1118
1119
1121
1126
1127
1130
1133
1135
1137
1138
1142
1155
1160
1166
1182
1183
1197
1204
1211
1212
1236
1240
1288
1289
1313
1316
1321
1341
1343
1345
1346
1350
1353
1359
1360
1361
2126
2127
2128
2129
2130
2131
2132
2133
2134
2135
2136
2137
2138
2139
2140
2141
2142
2143
2144
2145
2146
2147
2148
2149
2150
2151
2152
2153
2154
2155
2156
2157
2158
2159
2160
2161
2162
2163
2164
2165
2166
2167
2168
2169
2170
2171
2172
2173
2174
2175