743
744
745
746
749
750
751
752
753
754
755
781
785
786
787
800
801
802
810
811
812
816
819
820
821
822
824
827
836
837
838
844
862
863
871
872
879
880
881
882
883
884
885
886
887
888
891
893
896
918
919
920
921
922
923
924
925
926
927
936
937
938
939
940
941
942
944
945
947
948
949
950
951
953
954
955
956
957
958
959
960
961
962
963
964
965
966
974
975
976
977
978
980
981
982
985
987
988
993
997
998
999
1000
1001
1002
1009
1010
1011
1014
1015
1016
1017
1018
1019
1020
1021
1022
1040
1041
1042
1052
1139
1140
1141
1154
1155
1156
1157
1158
1159
1164
1165
1166
1167
1168
1170
1171
1172
1173
1174
1175
1176
1177
1178
1179
1180
1190
1191
1192
1221
1222
1223
1232
1233
1239
1240
1241
1242
1243
1251
1252
1269
1244
1245
1246
1247
1248
1249
1250
1253
1254
1255
1256
1257
1258
1259
1260
1261
1262
1263
1264
1265
1266
1267
1268
1270
1271
1272
1273
1274
1275
1276
1277
1278
1279
1280
1281
1282
