829
832
839
847
848
852
857
859
860
862
866
871
872
873
878
881
882
887
1037
1046
1055
1056
1060
1061
1070
1080
1085
1102
1103
1115
1116
1117
1125
1128
1132
1140
1143
1148
1149
1167
1174
1191
1285
1290
1292
1312
1315
1333
1340
1344
1351
1352
1358
1362
1363
1364
1372
2126
2127
2128
2129
2130
2131
2132
2133
2134
2135
2136
2137
2138
2139
2140
2141
2142
2143
2144
2145
2146
2147
2148
2149
2150
2151
2152
2153
2154
2155
2156
2157
2158
2159
2160
2161
2162
2163
2164
2165
2166
2167
2168
2169
2170
2171
2172
2173
2174
2175
